816851
600252
367565
882253
206430
675170
222316
864664
791026
445082
188283
620597
748481
820910
221194
353189
212960
926372
878808
396432
473629
153871
28171
524499
281895
694648
128475
804005
977707
562180
198427
794558
162432
565992
676811
368862
241161
899126
233525
32187
344207
421808
652784
92687
242718
873977
445876
455678
800349
324683
852109
273977
478554
880280
798476
760449
574928
926950
564454
552635
489130
762880
347192
651562
328872
24002
20423
570033
923128
253948
602220
267334
675756
255003
360021
918473
128980
805896
374151
929328
130579
226260
203305
609133
106539
1780
369582
681466
928730
934035
234100
417860
696915
581292
69421
25786
605294
89844
595819
528421
343791
198038
795755
19547
453040
155775
938020
582019
961671
312170
511346
92250
538429
714651
701383
644968
716430
70964
326434
645159
4999
560534
63018
701913
141825
132439
727699
747118
222282
323518
275538
566073
521555
71293
585619
974594
227067
523638
556612
188738
835808
67958
280988
374236
782608
982370
19204
499038
53333
345637
144196
58332
906170
207214
760244
47995
339653
487943
795113
561934
811460
70651
128006
333014
141943
713625
307608
369009
237263
864220
557747
73070
932178
838734
447306
714786
821103
466510
213823
874436
812146
358019
932767
718316
565233
693011
766310
904885
180953
561422
466818
992413
632072
594824
325427
774014
308449
633034
143023
545712
497254
700769
618782
429431
539502
66087
144216
360605
532597
358038
235041
344742
716057
167807
63057
281289
860817
829366
186173
41770
390788
652991
34183
22859
247815
359609
796873
556263
992643
939895
101974
489897
640664
720755
919327
180166
786842
63543
540770
319438
421581
775810
664180
137637
943617
727236
418925
804433
556602
605098
846203
947390
258089
880385
970248
505903
239994
767121
62165
232637
707015
164139
722533
347679
884893
641859
527844
671735
705401
68614
991173
126981
844424
655352
264618
788040
382587
683542
592473
939189
288640
438675
886578
546728
319060
856826
52630
559053
623946
114795
791689
330961
278933
514221
678639
163826
156080
206482
835561
861481
275096
826733
988462
119519
482084
253079
907558
864671
936621
500030
803859
225260
938705
690437
771988
257764
547262
824618
816817
171207
939412
608505
502168
218345
122726
180807
382171
278806
387289
217732
140286
662384
44464
128748
781902
526548
381826
689459
391218
318446
189489
195077
543706
128193
885513
315693
385957
432774
140310
202773
603981
79722
811278
106149
298066
934004
286955
680237
212809
674243
897968
353095
336626
942432
481842
118527
468979
863668
807986
860196
182113
997475
55273
725818
125668
940785
41511
511624
373559
181821
714397
977540
261542
525674
83688
559608
459678
370642
239844
672487
44884
137812
25581
381510
80243
507423
500037
549221
371090
308023
409417
553203
305497
464689
279021
431164
405474
320531
942788
779032
502352
657184
756571
763893
182858
840259
323500
642535
210900
563344
315022
255784
701155
340603
637293
781397
848025
137329
330618
219115
445352
740034
772318
750848
204723
51338
182012
610196
371869
124800
389228
874220
781984
145799
638113
964841
986057
961613
607376
196957
524956
922397
452740
226111
263000
90033
7508
111024
227362
338125
330139
672713
78159
102456
423561
282882
153794
605572
893077
525662
730371
282305
399882
512354
428103
37995
477195
414160
999607
84571
611116
524563
6968
63856
750673
269967
153889
758181
380991
381250
96305
711129
53962
174464
813585
477522
457345
967378
83094
350422
493040
813465
632726
892922
325818
60829
930916
803013
474989
930522
887583
86105
455084
894551
149961
205757
164517
303849
963937
545507
685098
60242
256635
739060
234705
70220
216582
692050
37597
299676
42471
530637
113140
675197
423558
438958
736026
354474
241970
211015
284996
129553
297119
740079
24103
447080
945836
188619
750928
909772
734126
436026
970014
990761
175085
204719
60980
391667
896768
98577
691342
939239
629214
804481
614435
52772
243439
350461
407245
485408
561476
692240
614961
858594
432319
639064
305673
378154
827683
56601
287926
561808
492626
257939
552568
667710
462657
613548
59377
359425
712125
750718
298663
341338
555199
913098
394109
798637
263558
801353
284045
825033
493593
899005
683627
925911
538069
989300
304065
365751
45900
591991
927559
538526
849930
480126
206235
312587
93674
265612
672011
805798
16329
970673
147135
571527
883771
541244
370164
147329
342596
654208
972362
836189
553212
655989
762099
91281
645288
66164
457031
691188
658154
384589
229713
508083
864715
435948
820669
958388
701559
492680
764186
717888
463353
911321
289415
347123
452564
659578
494451
795159
313785
466812
631347
866997
122800
393446
958277
768088
459609
415308
459276
117763
799896
688989
625846
664611
124937
446514
622998
826495
939194
387184
544383
402546
298504
833797
749668
751067
493375
244119
546226
807159
710931
177573
674156
833731
571019
632432
601818
30628
47739
61094
148390
847635
750082
774235
512245
875018
220749
135243
701513
159942
522426
245895
562487
820930
79692
312155
571996
573066
556273
118222
380225
267204
295794
54380
100934
866813
686812
702751
897440
734551
763844
45830
582185
513926
820064
94430
388943
40813
229672
90455
200754
752098
336350
763241
573027
416042
75396
145023
989108
631669
263245
369332
898872
559039
423712
999805
425851
110524
702556
323290
845074
466400
369119
427259
980325
189183
521689
369267
229995
751361
459722
430749
503458
796072
193990
76485
212113
269385
221508
201220
901053
484752
570552
799925
43790
994263
799729
469641
104786
502285
792931
949860
968684
162049
377119
949008
351232
898807
318275
581227
650167
777997
11975
153625
574068
205964
230109
786180
475349
451617
987399
376402
936368
557951
176326
980158
552213
976055
449798
656999
478339
242728
606859
447022
404777
983977
396030
756008
882784
714304
337235
532950
492300
349209
686574
66368
555173
916683
852547
30521
368299
839946
406923
304667
397896
583248
284824
950109
559302
734622
607107
37641
977350
213966
484662
382126
197943
880692
138134
80726
594996
475368
613676
87296
824577
300249
153663
379749
216932
6209
410270
585231
846155
817192
889897
244050
400440
174721
194158
959742
909343
801265
997382
886692
15230
482044
268817
213172
362735
406950
293898
957730
882318
907573
45025
706894
207822
198687
86643
424753
204896
496912
9984
51050
314104
899880
295100
714544
74601
489257
674286
983943
290522
671667
870634
305752
153711
139451
518923
516445
546401
812821
474175
428718
720393
519200
135612
928214
717887
222254
352967
922782
719166
362950
973832
33270
262830
268931
747814
337430
758188
422099
321373
48709
93765
192007
354460
247476
331457
873383
763921
877858
686203
238095
306576
406595
757295
442187
334808
475181
664441
687774
397963
383607
50723
371794
416876
313553
640725
164690
650982
398912
586788
972355
447620
680553
164361
802080
928028
495818
675462
691948
373675
361664
930043
680251
768259
687337
122437
103067
162518
786878
790841
560481
170484
841564
